Preprocesare: 
  
  SegmentTree:
  Size:   10        50       100       200       500       1000 
  Timp:   60031     289581   340149    483210    768002    824495   
  
  SparseTable:
  Size:   10        50       100       200       500       1000 
  Timp:   50568     138667   306174    586668    768102    844495   
  
  Split and Query:
  Size:   10        50       100       200       500      1000 
  Timp:   20543     40691    68741     66766     102321    111013  
  

Interogare: 
  
  SegmentTree:
  Size:   10        50       100       200       500       1000 
  Timp:   6717      7506     7112      6716      6716      4741  
  
  SparseTable:
  Size:   10        50       100       200       500       1000 
  Timp:   3407      3506     3901      3321      3716      3136  
  
  Split and Query:
  Size:   10        50       100       200       500       1000 
  Timp:   20543     22642    27654     25679     25037     24247  

Size: 10
Timp preprocesare SegmentTree: 60031
Timp preprocesare SparseTable: 50568
Timp preprocesare SplitAndQuery: 20543
Timp determinare SegmentTree: 6717
Timp determinare SparseTable: 3407
Timp determinare SplitAndQuery: 10272
Min secmentTree: 5442
Min sparseTable: 5442
Min squareandQuery: 5442
Input: [89367, 28334, 5442, 67895, 35803, 82672, 20208, 85093, 80546, 72591]


Size: 50
Timp preprocesare SegmentTree: 289581
Timp preprocesare SparseTable: 138667
Timp preprocesare SplitAndQuery: 40691
Timp determinare SegmentTree: 7506
Timp determinare SparseTable: 3506
Timp determinare SplitAndQuery: 22642
Min secmentTree: 217
Min sparseTable: 217
Min squareandQuery: 217
Input: [39474, 48134, 82103, 217, 55946, 67979, 2402, 38827, 74744, 12802, 82167, 72014, 83297, 16660, 45454, 98875, 15495, 84641, 92747, 12385, 6480, 80384, 29912, 66449, 6191, 9891, 49949, 63797, 58641, 44345, 87903, 36609, 53286, 74444, 89010, 94145, 86217, 38059, 9212, 19794, 38126, 19587, 86664, 94574, 18568, 93414, 91684, 86335, 72596, 35181]


Size: 100
Timp preprocesare SegmentTree: 340149
Timp preprocesare SparseTable: 306174
Timp preprocesare SplitAndQuery: 68741
Timp determinare SegmentTree: 7112
Timp determinare SparseTable: 3901
Timp determinare SplitAndQuery: 27654
Min secmentTree: 2952
Min sparseTable: 2952
Min squareandQuery: 2952
Input: [799240, 525682, 64363, 979491, 439424, 53549, 569030, 336841, 225422, 615927, 606591, 751231, 149149, 503083, 941731, 997237, 283978, 894825, 970444, 2952, 118844, 499946, 650243, 850979, 156250, 552692, 437263, 157698, 684909, 874920, 84126, 777938, 459156, 907961, 700431, 555381, 549022, 614775, 637402, 276129, 38728, 704137, 161309, 385832, 484754, 930042, 152451, 197458, 843072, 611882, 977683, 702886, 628330, 616997, 151635, 692744, 846528, 404752, 625558, 654460, 941342, 240767, 960297, 646536, 853384, 871588, 851670, 676664, 912258, 221539, 104275, 574715, 184911, 183681, 756363, 290603, 848452, 347770, 942662, 198058, 446535, 926897, 536887, 680424, 972457, 798018, 952418, 949440, 646686, 293171, 989992, 761218, 739285, 405706, 554928, 937484, 63928, 773240, 970292, 624721]


Size: 200
Timp preprocesare SegmentTree: 483210
Timp preprocesare SparseTable: 586668
Timp preprocesare SplitAndQuery: 66766
Timp determinare SegmentTree: 6716
Timp determinare SparseTable: 3321
Timp determinare SplitAndQuery: 25679
Min secmentTree: 3940
Min sparseTable: 3940
Min squareandQuery: 3940
Input: [260757, 380927, 540167, 192010, 920294, 65746, 469213, 315097, 41759, 552224, 266607, 927028, 205560, 697006, 843654, 907864, 53489, 528852, 490529, 474159, 207579, 147901, 606869, 577381, 531713, 644682, 651646, 587163, 486641, 411478, 228129, 776117, 402858, 926804, 886496, 543119, 351715, 941525, 494616, 763916, 934454, 164454, 399643, 878542, 157608, 530199, 525445, 571138, 242901, 187286, 721597, 548818, 926140, 658233, 932298, 616382, 354213, 345434, 261839, 953349, 968299, 316636, 507812, 364669, 20394, 367244, 844371, 795330, 623557, 3940, 417964, 272587, 598868, 809833, 578373, 671256, 501929, 226035, 609746, 881799, 195837, 806541, 333277, 552710, 145660, 457650, 861922, 601315, 275050, 370168, 488521, 16000, 480112, 8905, 625280, 434530, 807111, 344843, 117301, 298728, 7232, 995490, 519661, 509464, 108269, 770379, 729924, 754901, 886896, 669417, 573633, 876909, 534942, 805149, 908373, 852239, 14799, 976910, 4080, 802842, 777476, 9864, 557632, 434768, 835445, 143680, 679816, 56425, 809207, 398005, 251801, 247236, 749703, 584691, 304559, 732792, 849526, 856306, 93482, 31369, 404016, 714267, 986342, 231158, 679210, 127402, 110202, 838575, 132456, 310190, 94986, 970085, 368040, 841710, 18697, 531769, 917358, 702374, 774927, 786198, 957677, 404911, 790611, 491866, 179663, 970108, 967429, 396399, 580577, 958528, 629387, 319225, 896734, 875693, 859925, 729192, 266967, 531352, 117343, 345068, 830715, 488057, 549955, 229384, 518665, 928590, 269368, 963520, 60047, 953310, 543403, 196972, 461085, 928987, 813432, 965039, 958988, 996065, 887109, 195201]


Size: 500
Timp preprocesare SegmentTree: 768002
Timp preprocesare SparseTable: 768102
Timp preprocesare SplitAndQuery: 102321
Timp determinare SegmentTree: 6716
Timp determinare SparseTable: 3716
Timp determinare SplitAndQuery: 25037
Min secmentTree: 558
Min sparseTable: 558
Min squareandQuery: 558
Input: [952445, 511315, 980218, 382176, 158074, 598031, 761021, 993319, 19872, 164743, 461690, 170120, 267186, 261906, 948683, 748704, 885805, 788580, 900273, 402381, 100141, 615555, 177164, 425915, 677999, 371876, 489254, 232910, 973425, 518882, 171305, 140777, 845558, 419290, 606001, 958041, 667046, 642917, 281916, 319970, 172177, 758835, 179454, 770723, 278676, 418496, 576722, 143336, 390676, 79542, 487242, 247116, 622951, 280160, 730919, 499593, 702483, 722181, 815140, 4254, 533102, 933673, 564845, 341724, 175652, 131356, 219693, 718540, 536215, 230781, 571269, 681088, 608481, 734479, 832344, 664885, 226421, 847861, 192899, 982946, 68323, 771853, 580586, 288863, 381114, 137959, 108333, 981621, 535431, 491937, 656506, 164414, 514364, 63840, 348156, 764409, 958061, 38637, 718002, 160044, 183539, 864809, 261914, 542966, 230643, 695726, 637131, 45488, 934137, 933060, 13986, 584703, 900669, 631613, 613524, 594938, 94536, 398382, 957859, 13298, 829744, 983114, 877420, 57250, 455231, 60636, 662365, 391796, 673202, 88097, 257667, 845230, 81053, 133695, 252673, 912247, 494380, 23782, 619421, 228234, 359620, 806978, 788852, 370742, 741319, 725850, 764878, 206287, 653943, 844872, 158924, 167797, 551986, 137429, 461438, 153662, 388571, 617584, 790161, 27971, 3289, 665419, 205733, 749956, 982649, 292435, 578109, 912185, 61103, 895498, 842768, 480182, 744762, 372738, 516988, 861753, 506021, 375672, 896026, 575507, 9385, 548362, 338028, 763441, 792816, 713750, 10547, 514311, 259572, 434225, 156638, 244760, 206342, 475585, 760284, 198628, 170411, 991416, 391954, 552366, 38881, 764269, 482088, 810280, 670527, 486168, 618046, 655805, 714746, 494378, 480189, 46011, 660804, 371015, 42376, 783516, 521102, 798817, 926608, 405359, 151790, 458098, 521222, 406504, 32860, 450390, 460204, 966336, 494039, 961026, 831813, 950090, 848677, 659621, 515883, 169364, 824119, 950937, 65279, 225398, 251114, 790726, 840698, 467002, 616362, 427220, 927330, 478375, 219761, 40266, 533465, 325420, 351021, 195848, 488080, 743718, 926976, 908381, 234584, 165710, 167201, 909958, 997529, 647106, 548896, 981892, 779099, 899566, 540294, 741144, 871874, 928663, 760858, 193630, 446999, 816900, 109441, 80132, 248576, 221257, 530685, 245669, 397906, 120113, 446678, 606342, 854781, 603015, 57686, 454315, 602790, 751489, 906029, 215511, 294482, 861642, 687093, 599263, 536701, 724011, 603920, 873066, 122955, 773397, 12910, 240136, 388822, 478925, 12331, 699243, 753638, 301108, 715989, 605766, 689406, 475122, 172875, 644672, 344851, 229567, 249024, 581973, 283352, 711694, 537119, 991114, 439604, 966614, 773513, 439882, 483285, 469565, 310330, 700578, 778718, 297123, 670601, 168470, 973500, 976073, 492238, 18910, 943510, 198045, 644702, 865472, 222371, 78627, 221617, 937227, 982357, 693121, 289381, 918381, 888115, 72743, 686043, 396786, 766916, 805017, 765439, 353625, 263399, 329882, 270566, 728917, 637696, 847159, 574544, 974365, 115917, 325549, 814924, 708848, 700950, 665015, 563067, 570025, 439043, 613177, 442860, 493178, 915783, 411970, 976231, 753160, 25210, 394945, 773, 261411, 712133, 133384, 624316, 18016, 868854, 828789, 572537, 884821, 522100, 362242, 599142, 688817, 139020, 16107, 907019, 160053, 772521, 808440, 906640, 807955, 623971, 965990, 853153, 645153, 465710, 271414, 252586, 274682, 748915, 180049, 102786, 562418, 243964, 98646, 269220, 113779, 138504, 840322, 588951, 821369, 557886, 168635, 824560, 619110, 497791, 924985, 558, 384578, 166356, 40465, 994115, 512851, 575494, 203296, 194674, 509973, 621773, 791120, 366291, 476887, 574944, 285514, 844148, 53746, 180139, 326712, 864730, 479142, 585951, 792757, 592101, 679186, 258659, 663316, 380433, 713168, 397416, 955850, 167000, 130731, 920026, 964793, 148469, 647486, 90546, 246745, 655684, 613162, 632616, 468741, 284550, 772915, 489798, 152736, 521216, 947448, 162712, 782818, 825282, 82829, 297024, 27395, 146245, 882358, 155237, 44354, 572334, 534339, 851276, 99986]


Size: 1000
Timp preprocesare SegmentTree: 824495
Timp preprocesare SparseTable: 844495
Timp preprocesare SplitAndQuery: 111013
Timp determinare SegmentTree: 4741
Timp determinare SparseTable: 3136
Timp determinare SplitAndQuery: 24247
Min secmentTree: 345
Min sparseTable: 345
Min squareandQuery: 345
Input: [35911, 829479, 212731, 685238, 678259, 848485, 963741, 673714, 95501, 374595, 422630, 504598, 977405, 297888, 755288, 405078, 878143, 901775, 540130, 955829, 566306, 198199, 31540, 209523, 500780, 849226, 961585, 621203, 708443, 61152, 100419, 666184, 620166, 908911, 97416, 3196, 124322, 457513, 672425, 118012, 860193, 40242, 281228, 362051, 845109, 832765, 360223, 212641, 87859, 33346, 772373, 859975, 629202, 808350, 159662, 617906, 318866, 847174, 475310, 307890, 462393, 848105, 716591, 499606, 10680, 884322, 652946, 265398, 723693, 859287, 92625, 424541, 59970, 685233, 109360, 531216, 349234, 36088, 884562, 45695, 640748, 759754, 920296, 124487, 831312, 835767, 293188, 479522, 40726, 709244, 885644, 131052, 370574, 124763, 998345, 31570, 733570, 83667, 91295, 296857, 421431, 46401, 139543, 349897, 258322, 589139, 856152, 354804, 213144, 103396, 794741, 524710, 575502, 412345, 483552, 540714, 154687, 780119, 657211, 462327, 353052, 694847, 113551, 557878, 216445, 667400, 365526, 320305, 111366, 841175, 726194, 229337, 660069, 692541, 891841, 110580, 769015, 961516, 81032, 384289, 985162, 645911, 726284, 899401, 115453, 234598, 545791, 825700, 820676, 22163, 781976, 241765, 407048, 256740, 589179, 455108, 258987, 329285, 829528, 203365, 259689, 212737, 196240, 121514, 54426, 214557, 445393, 505234, 379220, 753105, 118978, 526284, 994285, 248804, 815194, 533020, 901725, 928099, 667339, 902761, 986498, 36989, 584284, 442208, 475966, 124286, 173589, 209929, 457147, 740646, 31699, 464292, 214351, 660581, 782715, 724415, 610810, 85238, 723211, 656343, 344204, 580885, 547020, 478760, 409636, 686366, 715300, 895956, 998803, 267652, 514568, 296364, 209950, 761578, 504910, 421597, 984034, 829345, 350752, 691513, 963282, 634559, 929805, 248673, 930716, 161624, 400441, 35853, 839979, 563740, 114165, 793080, 467717, 319501, 118953, 264362, 21588, 888731, 552814, 967075, 839489, 429213, 229432, 670561, 325948, 636462, 567728, 615311, 812120, 122274, 562464, 951626, 12948, 860708, 234120, 307920, 544309, 415917, 363214, 549191, 414478, 258467, 682321, 653608, 35682, 937356, 452254, 471814, 708384, 245357, 83195, 275199, 105804, 739779, 895457, 769150, 672959, 997917, 494856, 854057, 40197, 405396, 944346, 765870, 469220, 443305, 524297, 270437, 823804, 478777, 756860, 258402, 785162, 944095, 976164, 412187, 253830, 999078, 183214, 561712, 493613, 627369, 916049, 315611, 869401, 303626, 933190, 826421, 182219, 464395, 972440, 881249, 868427, 801868, 688401, 914010, 279718, 941345, 115860, 675093, 950678, 911247, 5129, 292050, 276672, 309156, 153714, 643973, 702167, 765488, 5085, 462171, 870942, 197603, 811506, 57643, 798730, 468740, 141164, 601658, 300485, 287948, 227172, 171435, 524111, 758365, 675849, 235521, 137215, 238562, 123820, 933970, 40296, 386948, 206712, 434379, 240215, 441413, 93055, 429082, 515384, 90749, 429167, 261564, 719704, 4911, 560995, 441763, 76676, 653256, 280790, 498691, 291921, 667187, 851570, 366457, 830901, 668699, 965447, 555032, 602003, 250174, 275927, 155538, 440596, 817258, 985229, 726272, 972720, 309208, 753358, 43406, 841741, 884322, 174184, 27590, 971390, 817121, 4904, 836919, 803180, 142887, 208648, 374593, 889874, 927126, 489028, 398208, 763874, 613019, 323149, 801235, 715269, 510283, 923031, 864392, 288576, 449240, 757517, 855206, 922226, 817071, 135781, 76118, 413433, 821042, 147789, 854254, 285237, 287309, 634628, 618203, 337252, 503095, 69062, 204523, 327789, 340423, 185887, 843573, 666872, 19824, 221729, 479333, 754106, 610651, 668273, 163176, 229902, 547295, 416763, 723184, 143295, 988128, 494854, 232036, 879074, 263169, 23649, 35176, 187296, 293319, 233405, 57604, 346002, 158475, 99477, 762739, 621893, 750107, 668679, 449611, 455709, 58031, 947143, 886020, 510229, 650947, 487721, 78502, 174308, 302294, 983003, 352723, 809723, 237117, 567989, 240558, 796715, 201636, 574185, 948455, 506020, 192354, 134229, 465893, 989272, 103224, 914359, 930830, 461951, 702887, 673920, 890934, 32691, 435499, 429569, 128929, 30459, 409559, 175490, 28918, 952484, 618766, 184818, 389059, 755275, 155739, 571832, 220519, 839928, 89134, 402664, 2464, 820389, 667060, 98321, 582194, 745884, 164369, 401907, 473072, 608510, 63805, 850254, 599210, 105247, 862200, 24597, 921331, 593487, 656683, 411137, 25933, 590516, 515101, 459331, 358643, 391827, 486734, 282129, 118915, 278893, 659700, 561762, 809543, 819014, 970319, 777972, 731039, 310081, 428779, 648330, 184268, 963623, 43378, 164084, 988379, 248582, 919851, 273798, 246700, 435830, 540819, 700586, 800862, 485815, 303702, 367058, 720088, 720950, 61226, 298693, 867191, 961966, 574729, 538779, 616847, 540971, 474121, 250884, 194400, 325802, 222937, 474946, 308503, 795229, 738778, 812151, 653885, 339722, 694295, 582744, 118656, 361235, 248355, 775809, 795548, 266000, 580366, 523171, 573286, 788312, 441155, 491992, 898805, 284831, 604545, 578263, 638061, 76665, 806452, 622531, 932969, 380477, 805552, 519198, 846725, 955141, 603849, 219355, 483973, 366417, 748945, 140048, 890661, 582923, 187503, 64266, 562557, 967525, 764696, 878203, 579217, 35294, 74029, 536718, 449779, 78372, 669105, 953051, 354837, 117716, 488485, 314486, 424303, 196381, 96578, 281314, 749705, 316098, 335059, 929059, 195942, 992958, 762860, 8561, 562957, 383873, 379914, 486280, 996532, 864537, 129609, 966109, 185100, 322348, 21948, 659691, 187812, 935073, 865196, 56362, 751802, 64991, 159792, 806305, 915621, 819885, 53670, 911123, 385368, 202425, 333451, 291221, 398931, 435444, 706109, 39359, 155628, 559002, 474762, 838529, 524086, 264655, 865524, 116237, 962123, 686053, 301059, 991090, 108027, 35899, 771015, 860553, 325073, 403903, 689385, 612424, 277118, 40979, 634093, 346035, 440549, 72461, 484423, 846771, 532610, 224793, 130710, 474239, 660664, 708090, 486849, 538166, 59445, 307821, 51885, 534543, 313924, 349678, 860696, 130024, 437167, 801236, 449813, 262330, 736910, 121495, 489252, 745326, 237232, 908786, 920429, 221897, 64421, 161891, 997145, 26178, 201575, 828240, 802638, 305588, 896611, 179779, 26373, 953070, 500391, 346518, 630665, 414120, 264937, 467434, 525774, 829777, 91825, 754897, 83755, 343683, 47652, 907148, 131957, 315608, 832879, 477358, 831738, 200406, 479052, 346143, 692631, 158725, 614580, 413308, 678326, 488290, 589409, 513500, 834472, 576364, 440894, 649198, 967067, 849563, 37742, 573182, 611576, 282928, 628790, 499606, 757787, 872104, 306376, 460481, 785200, 232778, 12717, 582059, 449447, 389536, 347982, 545444, 187923, 214210, 288670, 699203, 189540, 196429, 741352, 532455, 875839, 270707, 391344, 946713, 314103, 878764, 390153, 762829, 83563, 206027, 462003, 938247, 69948, 396395, 71662, 968411, 270568, 944840, 717023, 715405, 961416, 311338, 62878, 250838, 77986, 888059, 825434, 917960, 741932, 546490, 906089, 189257, 57246, 905928, 248176, 105723, 700850, 714080, 577772, 130236, 840507, 942372, 957146, 253769, 630047, 967314, 709321, 852925, 70067, 376725, 979770, 260535, 220722, 511800, 304561, 141914, 628184, 837109, 533915, 183151, 652769, 398060, 522843, 455077, 732057, 517359, 336499, 677816, 535264, 649978, 658059, 2222, 509948, 233536, 178401, 422270, 646427, 937440, 947278, 524492, 473187, 776694, 474609, 144271, 406264, 103630, 587514, 407252, 849994, 873268, 92949, 746331, 720599, 6567, 254768, 634399, 634436, 341164, 87659, 157364, 918100, 741822, 968923, 198152, 948738, 754275, 676347, 713675, 721217, 345, 880369, 406187, 122702, 925103, 148472, 200632, 879854, 532849, 398894, 509415, 538249, 758780, 92860, 948466, 815843, 884335, 33693, 886812, 697651, 17538, 387917, 500627, 704098, 481264, 236240, 252142, 674145, 152656, 444381, 529365, 799079, 145474, 264997, 643327, 668294, 603972, 782723, 182870, 497961, 180196, 66305, 234424, 822444, 475728, 485764, 640855, 521560, 415561, 331030, 141696, 785722, 958326, 463950, 935353, 823326, 406293, 601182, 757954, 32749, 402636, 720057]
